0 3 0.116106
0 4 0.559824
0 6 0.0976256
0 17 0.129743
0 21 0.000209557
0 23 0.0408313
0 43 1.13332e-05
0 128 0.0556483
2 2 1
3 3 0.999932
3 128 6.84461e-05
4 4 0.0920246
4 32 0.103338
4 77 0.724361
4 149 0.080277
5 4 1
6 5 1
7 6 1
8 7 1
9 8 1
10 9 0.699739
10 28 0.0948251
10 38 0.205436
11 9 0.471789
11 143 0.528211
12 10 1
13 7 1
14 11 1
15 12 1
16 13 1
17 4 0.0599645
17 14 0.940035
18 4 8.04065e-06
18 26 3.59123e-05
18 28 0.999956
19 6 0.192358
19 17 0.807642
20 15 1
21 16 1
22 2 1
23 17 1
24 9 1
25 17 1
26 17 1
27 2 0.99994
27 18 6.01902e-05
28 4 0.000204838
28 18 0.999795
29 3 0.0665834
29 19 0.933417
30 17 0.898154
30 77 0.101846
31 3 0.0564868
31 90 0.857739
31 97 0.0857739
32 20 1
33 4 0.499791
33 111 0.500209
34 18 0.5
34 109 0.5
35 4 0.247704
35 6 4.95088e-07
35 17 0.000690085
35 21 0.751606
36 22 1
37 23 0.000612062
37 24 0.673968
37 26 0.32542
38 23 1
39 23 0.581207
39 144 0.418793
40 24 1
41 25 1
42 26 1
43 2 1
44 27 1
45 28 1
46 29 1
47 30 1
48 31 1
49 32 1
50 33 1
51 34 1
52 35 1
53 36 1
54 37 1
55 14 1
56 39 1
57 40 1
58 41 1
59 2 0.948691
59 47 0.0513089
60 28 1
61 42 1
62 42 1
63 3 9.17167e-05
63 13 0.633335
63 21 0.00390744
63 23 0.00203641
63 42 0.36063
64 28 1
65 32 0.0735172
65 43 0.926483
66 90 1
67 44 1
68 45 1
69 4 0.218485
69 46 0.781515
70 2 0.646876
70 47 0.353124
71 25 0.923077
71 152 0.0769231
72 48 1
73 49 1
74 2 0.359204
74 48 0.640796
75 50 1
76 51 1
77 35 1
78 52 1
79 2 1
80 49 0.666667
80 53 0.333333
81 54 1
82 55 1
83 56 1
84 13 0.5
84 132 0.5
85 57 1
86 58 1
87 55 1
88 59 1
89 60 1
90 56 1
91 61 1
92 62 1
93 63 1
94 64 1
95 65 1
96 66 1
97 67 1
98 68 1
99 43 1
100 48 1
101 69 1
102 2 0.5
102 48 0.5
103 70 1
104 42 1
105 28 1
106 55 1
107 71 1
108 72 1
109 28 1
110 28 0.00659717
110 70 0.993403
111 73 1
112 32 0.0948542
112 95 0.905146
113 2 1
114 74 1
115 75 1
116 55 1
117 76 0.977273
117 82 0.0227273
118 77 1
119 78 1
120 17 0.0227438
120 79 0.977256
121 80 1
122 81 0.857143
122 118 0.142857
123 83 1
124 59 1
125 84 1
126 85 1
127 86 1
128 85 1
129 87 1
130 88 1
131 75 1
132 89 1
133 91 1
134 92 1
135 93 1
136 94 1
137 48 1
138 96 1
139 25 0.25
139 97 0.75
140 44 1
141 48 1
142 7 0.500014
142 98 0.499986
143 99 1
144 40 1
145 40 1
146 100 1
147 13 1
148 4 0.0213568
148 17 0.911909
148 77 0.0667347
149 101 1
150 102 1
151 103 1
152 104 1
153 105 1
154 106 1
155 107 1
156 108 1
157 148 1
158 110 1
159 112 1
160 113 1
161 23 0.00186887
161 114 0.998131
162 13 1
163 17 1.60008e-05
163 114 0.999984
164 23 0.456907
164 115 0.543093
165 116 1
166 13 1
167 57 1
168 76 1
169 76 0.333333
169 88 0.333334
169 117 0.333334
170 13 1
171 23 1
172 17 0.666666
172 107 0.333334
173 119 0.333333
173 120 0.333333
173 121 0.333333
174 46 0.5
174 122 0.5
175 4 1
176 123 1
177 124 1
178 55 1
179 115 1
180 125 1
181 126 1
182 117 1
183 127 1
184 128 1
185 129 1
186 120 1
187 20 1
188 101 1
189 114 1
190 130 1
191 131 1
192 133 1
193 122 1
194 134 1
195 24 1
196 135 1
197 127 1
198 136 1
199 2 1
200 137 1
201 138 1
202 2 1
203 2 1
204 139 1
205 40 1
206 140 1
207 141 1
208 9 1
209 142 1
210 30 1
211 145 1
212 13 1
213 146 1
214 66 1
215 23 1
216 23 1
217 23 1
218 34 1
219 147 1
220 25 1
221 74 1
222 149 1
223 4 1
224 20 1
225 150 1
226 151 1
227 98 1
