0 3 0.052557
0 6 0.20628
0 27 0.505585
0 36 0.028315
0 41 0.0518827
0 149 0.155381
2 2 0.994563
2 28 0.0054369
3 3 0.996905
3 6 0.00309483
4 4 0.0126862
4 106 0.987314
5 4 1
6 3 0.999412
6 4 0.0002086
6 16 0.000378944
7 5 1
8 6 1
9 7 1
10 8 0.999169
10 20 0.000830749
11 20 0.5437
11 27 0.4563
12 9 1
13 10 0.0988811
13 20 0.901119
14 8 0.0888959
14 10 0.288832
14 11 0.622272
15 11 0.856092
15 27 0.143908
16 12 1
17 13 0.760976
17 21 0.239024
18 14 1
19 15 1
20 16 0.000239073
20 27 0.999761
21 16 0.991321
21 27 0.00867912
22 17 0.831433
22 19 0.168567
23 11 1
24 19 1
25 18 0.5
25 152 0.5
26 9 1.3998e-05
26 16 4.87507e-05
26 96 0.58473
26 100 0.415207
27 16 1
28 22 0.942772
28 45 0.0572276
29 23 1
30 11 0.0262807
30 23 0.848504
30 82 0.125216
31 36 0.99838
31 149 0.00162048
32 24 1
33 25 1
34 26 1
35 27 1
36 28 1
37 29 1
38 14 1
39 16 1
40 11 1
41 11 1
42 30 1
43 31 1
44 32 1
45 33 1
46 34 1
47 35 0.225961
47 46 0.225961
47 50 0.32212
47 106 0.225958
48 36 0.990791
48 48 0.00434691
48 69 0.00434691
48 149 0.000515465
49 37 1
50 11 1
51 38 1
52 41 0.998092
52 149 0.00190801
53 39 1
54 40 1
55 96 1
56 11 1
57 41 1.08303e-05
57 80 0.999989
58 22 0.0268102
58 30 0.837953
58 44 0.135237
59 42 1
60 11 0.461957
60 47 0.0122975
60 56 0.525745
61 30 1
62 43 1
63 11 1
64 14 1
65 11 1
66 40 1
67 44 1
68 45 1
69 13 0.0020359
69 57 0.997964
70 14 1
71 47 1
72 10 1
73 48 1
74 49 0.5
74 80 0.5
75 2 0.817538
75 8 0.182462
76 2 1
77 12 1
78 29 0.166667
78 34 0.833333
79 44 1
80 50 3.27702e-05
80 53 0.999967
81 51 1
82 23 0.442564
82 29 0.121677
82 56 0.435759
83 52 1
84 23 0.662269
84 96 0.337731
85 44 1
86 54 1
87 55 1
88 17 0.143391
88 21 0.804491
88 22 0.0521174
89 23 1
90 56 1
91 13 0.0451168
91 14 0.954883
92 57 1
93 48 1
94 29 0.0210105
94 34 0.978989
95 14 0.999834
95 57 0.00016622
96 3 0.00535693
96 6 0.994643
97 58 1
98 59 0.785714
98 84 0.214286
99 60 1
100 61 1
101 8 1
102 62 1
103 63 1
104 64 1
105 56 1
106 9 0.666667
106 119 0.333333
107 64 1
108 65 1
109 66 1
110 67 0.466204
110 100 0.533796
111 68 1
112 2 0.0833333
112 3 0.0833333
112 16 0.0833333
112 21 0.0833333
112 22 0.0833333
112 23 0.0833333
112 36 0.0833333
112 41 0.0833333
112 62 0.0833333
112 67 0.0833333
112 68 0.0833333
112 69 0.0833333
113 41 1
114 70 1
115 71 1
116 72 1
117 73 1
118 53 1
119 13 0.999948
119 57 5.24387e-05
120 11 1
121 55 1
122 55 1
123 11 1
124 55 1
125 74 1
126 75 1
127 76 1
128 77 1
129 78 1
130 79 1
131 29 1
132 81 1
133 83 1
134 62 1
135 85 1
136 29 1
137 86 1
138 87 1
139 88 1
140 89 1
141 21 0.99968
141 44 0.00032052
142 23 1
143 48 0.888889
143 90 0.111111
144 22 1
145 4 1
146 3 1
147 91 0.8
147 135 0.2
148 51 1
149 6 1
150 92 1
151 93 1
152 52 1
153 23 1
154 94 1
155 95 1
156 96 1
157 96 1
158 97 1
159 98 1
160 2 0.0434783
160 3 0.0434783
160 6 0.0434783
160 7 0.0434783
160 11 0.0434783
160 16 0.0434783
160 36 0.0434783
160 41 0.0434783
160 66 0.0434783
160 75 0.0434783
160 76 0.0434783
160 88 0.0434783
160 95 0.0434783
160 96 0.0434783
160 97 0.0434783
160 98 0.0434783
160 99 0.0434783
160 104 0.0434783
160 105 0.0434783
160 114 0.0434783
160 116 0.0434783
160 117 0.0434783
160 118 0.0434783
161 30 1
162 31 1
163 48 1
164 96 1
165 99 1
166 101 1
167 102 1
168 18 1
169 103 1
170 96 1
171 104 1
172 105 1
173 106 1
174 107 1
175 16 0.000649105
175 53 0.999351
176 108 1
177 109 1
178 110 1
179 111 1
180 112 1
181 113 1
182 114 1
183 115 1
184 73 1
185 116 1
186 96 1
187 117 1
188 96 0.00196132
188 122 0.998039
189 109 0.666667
189 118 0.333333
190 3 1
191 7 1
192 96 1
193 120 1
194 121 1
195 97 1
196 6 1
197 30 1
198 100 1
199 123 1
200 124 1
201 22 1
202 48 1
203 48 1
204 125 1
205 126 1
206 102 1
207 5 1
208 83 1
209 103 1
210 127 1
211 128 1
212 129 1
213 99 1
214 130 1
215 131 1
216 132 1
217 74 1
218 133 1
219 75 1
220 11 1
221 134 1
222 136 1
223 137 1
224 138 1
225 139 1
226 107 1
227 57 1
228 48 1
229 140 1
230 141 1
231 142 1
232 143 1
233 144 1
234 3 1
235 145 1
236 47 1
237 14 1
238 146 1
239 12 1
240 10 1
241 50 1
242 72 1
243 147 1
244 148 1
245 122 1
246 37 1
247 2 0.2
247 13 0.2
247 23 0.2
247 36 0.2
247 57 0.2
248 43 1
249 51 1
250 29 1
251 11 1
252 150 1
253 66 1
254 98 1
255 151 1
256 43 1
